sku	asin	price	quantity
10017101USA	0446613142	12.29	15
10117102USA	0446612839	12.29	5
10217103USA	0446619280	12.29	34
10317104USA	0446619299	12.29	45
103974306	0897936507	18.15	9
10417105USA	0446619302	12.29	43
10517106USA	0446619337	12.29	13
10617107USA	0446619442	12.29	16
10717108USA	0446619345	12.29	12
10817109USA	0446619353	12.29	9
10917110USA	0446619450	12.29	4
11017111USA	0446619361	12.29	26
11117112USA	044661937X	12.29	38
11217113USA	0446619388	12.29	58
11317114USA	0446619396	12.29	17
11417115USA	0446583731	12.29	17
11517116USA	0446583650	12.80	11
11617117USA	044658374X	12.29	10
11817119USA	0446583693	12.80	6
12017121USA	0446583758	13.31	27
1211724USA	0446613118	12.29	6
1221726USA	0446613118	12.29	11
12417341USA	084318003X	10.60	97
12617343USA	0843172940	10.60	26
12717344USA	0843172940	10.60	66
12817345USA	0843173823	10.60	146
1291738	0843189258	10.60	149
1301740USA	0843189231	10.60	105
13317497	0929643259	23.76	10
13517602	0937609692	13.31	16
14018303	0312109407	18.15	6
14318308	3836551632	33.96	5
14418311	3836503050	17.64	5
14518317	0060591676	29.68	6
14718330	1848568479	21.72	4
14818331	0811871266	21.21	14
15018600USA	1580054080	17.13	8
15418612UK	076244097X	15.50	12
15518613China	1934429953	89.43	20
15618704USA	0615442323	17.90	4
15818710USA	061527210X	16.62	31
25226792China	0843172991	18.66	16
3639B00001USA	0425263916	16.11	24
3640B00002	1440552525	16.62	22
3642B00004	0762444878	15.60	20
3644B00006Singapore	1592335101	19.17	4
3645B00007Singapore	1592335357	19.17	30
3647B00009Singapore	1592335438	18.66	45
3648B00010USA	0989813800	18.66	7
3650B00012South Korea	383653214X	14.58	20
3653B00015	3836550512	21.21	16
3654B00016Korea	1612431127	17.64	29
3655B00017USA	1612432751	16.11	16
3662B00024USA	1573449075	16.62	9
3663B00025USA	1573449040	17.64	40
3664B00026USA	1573448133	16.62	9
3665B00027USA	157344815X	16.62	10
3666B00028USA	1573448168	16.62	5
3668B00030USA	1573448214	16.62	14
3669B00031USA	1573448192	16.11	12
3673B00035USA	1573447919	16.62	9
3674B00036USA	1616083115	16.11	10
3675B00037USA	189015976X	15.60	4
3676B00038USA	1890159565	13.31	13
3677B00039USA	1890159786	13.31	47
3678B00041USA	0770435548	15.09	8
3680B00043USA	0937609609	13.31	44
3682B00045USA	1616087552	14.84	5
3684B00047USA	042526596X	16.62	26
3685B00048USA	0425265951	16.62	9
3688B00051USA	0399163468	13.31	15
3691B00054USA	0385346433	16.37	21
3692B00055Thailand	1848990669	13.31	23
3693B00056UK	1780972989	13.31	23
3694B00057USA	0985403217	17.39	10
3697B00060China	1604332921	13.31	33
3698B00062USA	1608680924	16.62	14
3699B00063Singapore	1592335543	19.17	5
3700B00064USA	1626360898	14.84	35
3701B00065USA	1580053866	17.13	7
3704B00068USA	1476730091	16.11	11
3708B00072China	B00B8OSQG2	12.54	27
3710B00074USA	1580054412	16.62	9
3713B00077USA	1573449369	16.62	15
3715B00079USA	1573449245	16.62	17
3716B00080USA	1573449253	16.62	4
3717B00082USA	1573449326	16.62	9
3718B00083Hong Kong	1620877996	17.13	55
3719B00084USA	1476731535	16.11	5
3720B00085China	144055451X	15.35	10
3721B00086USA	145559945X	16.11	8
3722B00087USA	0425266516	16.62	19
3723B00088	3836544032	17.64	10
3724B00089Slovakia	3836545195	14.58	42
3725B00090USA	1612432298	17.64	22
3726B00091USA	1612432409	16.62	62
3727B00092EU	076244813X	16.11	14
3728B00093USA	0425267040	16.11	16
3729B00094USA	0425267040	16.11	22
3730B00095USA	0425267083	16.11	11
3731B00096USA	1476754144	13.31	46
3733B00098China	1465415823	16.62	23
3734B00099USA	1476755094	13.31	93
3735B00100USA	1416209204	13.31	7
3736B00101USA	1476755108	13.31	37
3737B00102USA	1476751404	16.11	17
3738B00103	0804171203	16.37	4
3739B00105USA	0062301519	32.14	57
3741B00107USA	055341920X	16.37	24
3742B00108CHINA	1618371606	13.31	38
3743B00109CHINA	140274787X	13.31	36
3745B00113	0937609676	13.31	7
3746B00114	162914164X	18.66	12
3747B00115	1629142077	17.13	13
3748B00116	1629145262	16.11	20
3750B00118	095700379X	17.13	6
3751B00119	0957003781	17.64	16
3753B00122	076117169X	17.13	3
3755B00130EU	0762452285	16.11	7
3756B00131	0957423209	16.11	67
4058B00111EU	0762452250	16.11	5
4272B00121USA	1402293372	16.11	36
4273B00110	0989813843	17.13	8
427432576Hong Kong	1250041147	15.60	17
4278B00133USA	1476748047	16.11	33
4279B00134USA	1627780939	16.62	32
4286B00132USA	0425273865	16.62	14
428817347USA	0843180722	10.60	20
428917348USA	0843182377	10.60	35
430301USA	0962962872	23.25	21
43330422USA	1402224540	14.48	30
433932571USA	1627780629	16.62	13
434032575USA	1627780688	16.62	20
4345B00106China	1592336450	18.66	43
43630945USA	1416585265	15.60	14
43730947Singapore	1616280735	18.66	23
4399B00135USA	0451466225	16.11	6
440241009China	1592336418	23.00	11
44030982USA	1573449725	16.11	12
442310USA	0940208377	17.64	21
443312USA	0940208237	13.05	14
4437B00136UK	1780974922	17.13	42
44431211China	1592334334	17.64	25
4481B00137USA	1942556004	18.66	12
4483B00138USA	0307351335	15.86	29
4502B00139USA	0061989177	16.62	40
45231219China	1626360308	14.84	19
4533217USA	0671761773	17.13	35
4553220USA	1573443204	16.62	5
45632205USA	1573441732	16.62	8
456526897China	1859063845	17.13	29
456636355Hong Kong	1592336671	12.80	69
456736356Hong Kong	1592336698	12.80	112
456836357Hong Kong	1592336663	12.80	84
456936358Hong Kong	159233668X	12.80	119
457036359Hong Kong	1592336655	12.80	128
457136360Hong Kong	1592336647	12.80	125
457236353	1492607215	12.54	78
45732206USA	1627780890	17.13	5
457336354	149260724X	12.54	80
45832207USA	1627780912	17.13	4
458439869USA	0446567183	16.62	18
458530488USA	1627781250	16.62	12
458712575	1629144770	16.11	19
459040477	1629144924	20.19	42
459340075	3836552663	18.66	21
459510092	1632203235	17.13	25
461240480	3836554488	20.70	16
46132261USA	1573446548	16.11	15
461333450China	1627780718	19.68	33
461512574	0762456892	11.78	11
462617124USA	0446583669	13.31	4
462730489USA	145556513X	16.11	6
462830490USA	1455591726	16.11	6
462930491USA	1455591785	16.11	15
463030492USA	1455591815	16.11	13
46432365USA	1573443409	16.11	10
464436361China	1618371592	18.66	30
465036363USA	0525427996	22.74	26
466140478	0892810882	17.64	19
466313566	1101946342	16.88	41
466532915USA	1558618724	21.21	12
467932914USA	1627781293	17.13	24
468032913	0452298253	13.82	28
469032723USA	0983830959	24.78	27
470834877	1602862826	19.68	9
470934881	1881943135	16.62	7
47132382UK	0762449470	15.60	3
471332743	1627781463	16.62	11
471432742	1627781188	16.62	7
471534872Hong Kong	1592336795	20.19	29
47232383USA	0804136866	16.37	17
472334876	1476762090	17.13	35
47432385USA	1626361010	20.19	23
47632391USA	1627780866	17.13	14
4769B00117Hong Kong	0615417965	22.49	14
47732420USA	1627780033	16.62	4
479230493USA	1455591769	16.62	14
47932423USA	1573449342	16.62	14
479740000Hong Kong	1632204916	17.64	15
48132425USA	1573449628	16.62	7
48232426USA	1573449636	16.62	27
4833243USA	076790754X	16.11	34
4843244Hong Kong	0743203909	19.68	29
4853247USA	0452281423	16.62	58
486134878Hong Kong	1632203278	18.66	18
4863248USA	0452281431	16.62	41
4873249USA	0452281458	16.62	29
4883250USA	0452294754	33.45	27
489529201China	1454916869	16.11	19
489634873China	1618371932	17.64	63
489734874	1618371924	16.11	41
49032502USA	1573447242	16.11	17
49132525USA	1580051529	17.13	11
491917125USA	0446583766	13.31	40
492036362China	0867193719	15.43	78
49232528USA	0767916565	13.56	42
49332541USA	1573443212	16.11	6
49432542USA	1573443255	16.11	20
49532543USA	1573443700	16.11	11
495432620	1627781455	16.62	21
49632544USA	1573443166	16.11	8
49732545USA	1573447137	16.11	9
49832546USA	1573444065	16.11	3
498918302Italy	3836520214	14.58	16
499018304	3836520443	19.94	8
49932547USA	1573447129	16.11	10
500534870China	1592337058	16.11	15
5010000USA	0425276767	16.62	35
5013257China	1588169715	18.66	37
50332572	1629144738	14.84	18
503434871USA	1592337031	20.19	32
503534875USA	0425280659	16.62	7
503617126USA	0446583715	13.31	29
503712203	1943893055	17.13	56
504734880	1634505743	16.11	20
504834879	1634503449	16.11	16
50532574	1629144754	16.11	36
50732585USA	1580053637	17.64	17
50832621Korea	1612430287	17.13	24
508331220	1592337201	18.66	32
508426903China	145214527X	16.11	11
50932622USA	1573442356	14.84	34
509333926	1627781560	17.13	12
509433927	1627781552	16.62	25
509533624USA	1627781544	17.13	10
509633625USA	1627781536	17.13	22
5110025	0880880783	11.16	2062
513117499	3836559064	27.08	10
51332688Hong Kong	1844839931	13.31	68
51432689China	1588169219	17.64	18
51632692USA	0761138099	13.31	58
517536572	0937609765	16.62	18
5176B00019USA	1250109302	16.62	29
518327USA	0939263025	14.58	13
5193270USA	0679769560	20.19	18
5210042	0740742272	11.16	40
521929078	B008VUIIPU	15.04	44
52232725USA	157344295X	17.64	7
52332729USA	0743288009	15.60	8
52432731China	0756657903	18.15	9
52632745Singapore	1592333915	19.17	41
52732754Singapore	1587613301	17.13	28
52832755USA	1402286767	17.13	9
53032874USA	1580053033	17.13	8
5310043USA	0062305492	14.84	12
5313289USA	0897937023	17.64	50
532329USA	055337396X	17.90	26
53332917USA	1580055257	16.62	15
53432918Singapore	1592335918	17.13	14
53532919Singapore	1592335934	21.72	12
53832950USA	1890159271	14.07	13
54032953Singapore	1592334369	19.17	9
54233448Canada	0060012749	18.66	12
54333449Hong Kong	1847327141	14.84	56
54533451USA	1627780610	16.62	14
54633452USA	162778070X	16.62	6
54733455China	1594744564	13.31	12
5493346USA	0743212657	16.62	10
55033461USA	0345442113	17.13	16
55133462USA	0440508460	16.88	18
55233463USA	158761085X	16.88	25
553335USA	1885535759	23.51	267
55433586USA	1587612909	17.39	25
5553359USA	0061235202	17.13	19
55633593USA	0307406598	15.60	27
557336USA	0767902874	18.66	15
5583362USA	0767904524	18.66	4
5610091China	0770434517	13.56	86
56133631China	1847324126	12.29	32
56233632China	1847328075	13.31	94
56433634USA	0062300318	10.14	48
56533635USA	0062300334	10.14	45
56633636USA	0062300350	10.14	31
567337China	0965327523	23.25	24
5683371USA	1890159514	15.09	7
56933712Korea	1623260078	29.37	21
57033713USA	0804138087	15.60	17
571015	0762416084	11.16	6
57133746China	1592336035	22.74	17
57233749Singapore	0756639794	16.62	55
57333750China	1592336140	22.74	12
57533912Hong Kong	1847327397	14.84	26
57733914China	1847322018	13.36	81
57833915China	1847322123	15.14	6
57933918USA	0738213985	16.62	10
5812202	1441305246	13.31	46
58133921Singapore	1592334253	19.17	43
58433928USA	1593598521	13.92	5
58533929Hong Kong	184732715X	14.84	49
58833935USA	1402207727	13.92	27
59033937China	1592335004	18.66	24
5912212	1402213581	15.09	6
59133938China	1631060074	17.64	13
59233939China	1592336116	18.66	17
5933397USA	0767916573	13.56	51
59433972China	1847320147	13.36	76
59633974China	1847323626	14.84	13
59734152USA	1573442801	16.11	13
59834153China	1847324118	12.29	60
599343USA	1573441589	23.51	24
60034518USA	1568583338	17.13	11
6012214	0600620824	21.21	7
6013452USA	1890159719	16.62	8
6023456USA	1569243093	18.81	28
60334561China	158333372X	21.21	21
604348USA	0939263173	14.58	16
6053482USA	0061898074	17.13	46
6063483USA	0062516140	17.13	78
6073484USA	0062513362	17.13	28
61034856USA	0425202461	15.60	10
6112215China	1592334474	17.64	25
61134858Hong Kong	1402708890	11.01	51
61234861USA	1573447110	17.64	13
61334862Singapore	1592334865	19.17	23
61534867USA	0940208350	16.62	6
61734869Poland	9186283723	13.31	8
61834910USA	1583333924	18.66	7
61934913USA	1580053386	17.13	26
62034916Singapore	1842221531	13.36	40
6212216	1844839664	13.31	66
62134919	0811847012	14.84	38
62634946Canada	0811859908	14.84	11
62734948Thailand	0811839575	13.31	239
62934954China	1604333081	13.31	26
6312217	1592409180	17.13	10
63134956USA	0897936507	17.64	30
63234964Canada	1594743363	17.13	23
63334966China	1592333931	18.15	18
63534974USA	1569759367	14.84	4
63735251USA	0446693553	16.62	9
6383526USA	0446679747	16.62	5
63935261USA	0446692433	16.62	4
6403527USA	0446677825	16.62	3
6412219	1780974450	18.66	102
6413528USA	0446677353	16.62	11
6423529USA	0446678848	16.62	10
64335291USA	0446698598	16.62	7
64435292USA	044655748X	16.62	10
64535304China	1594741484	13.36	39
65035313USA	1627780084	16.62	18
6512220	1780974353	13.31	54
65135314USA	1627780300	16.11	8
65235315USA	1627780041	16.62	30
65335316	0937609706	13.31	13
65535337USA	1573443107	16.62	13
65635338USA	1573443093	16.62	3
6593537USA	1890159387	22.23	37
6612558	158816599X	13.31	106
66135416	057803395X	18.66	50
6623542USA	1580052193	16.62	41
6633543USA	0517886073	16.11	24
66535456USA	0767926064	15.86	8
66635457USA	1590303644	17.90	3
6673564USA	0399534369	16.62	8
6683567USA	0061547336	15.60	10
6693568USA	0060989092	16.11	35
670357	0964596008	21.98	46
6743632	0743258533	18.66	11
67536322Singapore	1569756554	17.64	9
67636323Singapore	0756671477	21.21	40
67736326USA	1583333533	16.11	5
67836336USA	0060586311	20.70	23
68036338USA	1930722273	17.13	6
68136339USA	0060538260	17.13	94
68336341USA	0897935012	14.84	40
68436342USA	0756657385	17.13	3
68636344Singapore	1592335020	17.90	12
6883647USA	0425202690	17.64	3
69036491China	1847320163	13.36	55
6912562	1620873346	14.84	23
69136494Singapore	1569757291	14.58	85
69236495Singapore	1592333850	19.17	60
695365USA	0963976389	20.70	21
69636505USA	0425229831	16.11	3
69736507USA	1627780122	16.62	39
70036551USA	1573444049	16.11	11
70336574USA	1627780289	19.68	11
70436575USA	1627780378	18.66	12
71036584USA	1573446475	16.62	8
7112572	1588168786	18.66	14
715369USA	1890159352	16.11	30
7173720USA	0060928026	15.60	7
71837201Canada	1931160945	21.21	29
7193724USA	1890159131	16.88	11
72037241USA	1890159999	22.74	5
7212573USA	B009DYB6DO	34.47	25
7213727USA	1890159727	16.88	6
722373USA	1890159115	14.33	7
7233745USA	1890159190	16.88	10
72437452USA	157344779X	18.66	32
7263746Canada	0977723801	24.78	40
72837486Canada	1931160694	19.94	174
729375USA	1890159360	16.11	27
73137602Canada	1931160996	21.21	21
7323764USA	193116049X	16.88	67
7333771Canada	0970661134	15.60	39
7343772Canada	097066110X	15.09	94
7353773Canada	097066110X	15.09	56
7363774Canada	0970661126	15.09	56
73737741USA	1573442739	16.11	11
73837742Canada	0970661142	16.62	39
73937743USA	0991491424	15.86	49
74133	1562010352	13.31	24
7423865USA	1573441996	21.21	22
7433872USA	157344278X	16.11	70
74438801USA	157344720X	17.13	17
7453881USA	0812991958	16.62	25
746389USA	1587613379	17.13	39
7483901USA	157344121X	17.13	36
7493904USA	1573443980	17.13	22
75039048USA	1573443042	18.15	22
7513567USA	0345803485	16.88	231
7513905USA	1573443875	17.13	57
7523907Canada	1402205171	14.84	12
75339078Canada	1569755639	15.04	31
75439085USA	1568582951	16.62	23
7553909USA	0553381148	17.64	12
75639095USA	1569756791	15.60	8
75739100USA	1890159026	15.35	4
7613568USA	0345803493	16.88	36
76239123USA	1589860004	20.96	6
76639865USA	0452285550	16.11	14
7673991USA	1890159239	16.62	5
770401Singapore	0789404370	14.33	121
7713569USA	0345803507	16.88	110
77440252Hong Kong	1844838005	18.66	15
77540422Hong Kong	1620877988	16.11	17
77740434Singapore	0756633532	16.62	34
77940453USA	093760965X	22.74	4
78040474Singapore	0756689619	18.66	36
78140492	162914469X	21.21	20
7814300	1580052517	16.62	8
782407Singapore	0789450720	15.60	27
7844083Singapore	075660530X	17.39	23
78740921USA	1569759383	14.84	19
78840926USA	158005157X	16.11	8
78940982Canada	1569756031	13.36	55
79240986USA	0060753641	16.11	36
79440991USA	1569242763	17.13	25
79540993USA	1580050751	16.62	15
79640997Korea	1569757194	17.64	33
79740998USA	1569756252	15.60	36
79840999	0761174753	16.62	18
80041013Singapore	1592333494	17.90	79
80141018China	1402755678	10.76	3
80441029USA	0345498607	16.88	6
80641037USA	0767928210	15.09	27
80741038USA	1439190666	23.00	12
80841039USA	0743274873	17.64	7
80941040USA	1580052754	17.64	8
81041042USA	1402208944	13.31	6
81141043USA	1402206836	11.27	30
81168	1416567011	16.62	9
81241044USA	1402206828	11.27	22
81341045USA	1402201990	11.27	18
81441046USA	1402202008	11.27	33
82141072USA	160550033X	14.84	4
8216800USA	0345803671	16.88	89
82241073USA	1598699032	13.82	13
82341074USA	1440510806	14.33	37
82441075USA	1440510768	14.33	55
82541076Canada	1593374798	12.29	8
82841079USA	1440510997	14.84	3
83041085USA	1934734993	14.84	14
83149973USA	0385345224	19.17	21
8316801USA	0345804279	16.88	20
83249974	0446673544	16.11	44
83349975Korea	0743289803	16.62	5
8416802USA	0345804295	16.88	29
861706	0446610313	12.29	10
9017091USA	0446613045	12.29	9
9217093USA	0446613452	12.29	8
9317094USA	0446613096	12.29	7
9417095USA	044661310X	12.29	13
9517096USA	0446613088	12.29	7
9617097USA	0446613134	12.29	4
9817099USA	0446613126	12.29	5
9917100USA	0446612987	12.29	10
11717118USA	0446583677	12.29	0
11917120USA	0446583723	12.80	0
1231731USA	0671318195	10.62	0
13618298China	0762439998	18.66	0
14218307	1934734810	22.61	0
15518613China-2	1934429953	36.69	0
15518613China2	1934429953	42.98	0
15918711UK	0762446005	14.70	0
3643B00005UK	0762444355	14.19	0
3646B00008Singapore	1592335373	17.76	0
3656B00018Canada	161243018X	17.25	0
3671B00033USA	1573442933	21.72	0
3672B00034USA	1573447927	15.21	0
3679B00042USA	1592408257	15.21	0
3683B00046USA2	1612430155	16.70	0
3686B00049	3836539705	35.34	0
3702B00066Singapore	1592335551	19.17	0
3703B00067China	0345806751	15.98	0
3705B00069Hong Kong	1612431860	12.00	0
3712B00076USA	1573449008	16.62	0
3744B00112	0957592205	29.37	0
3752B00120	1909181080	15.72	0
42930013China	0615376630	24.78	0
43530487USA	0802122590	19.80	0
435832280USA	1627780904	16.62	0
43830948USA	1600940234	17.13	0
44130983Singapore	1592333567	13.50	0
448417123USA	0446583707	13.31	0
45432171USA	1451661231	20.31	0
458639867USA	1627780653	15.72	0
459439868	0062301527	16.62	0
4603226USA	1573442143	17.13	0
461412221	0762454717	16.62	0
463439866USA	1627780963	20.19	0
46732373USA	1573444154	14.70	0
47332384Italy	0762449446	17.64	0
47532390USA	1627780025	15.21	0
48032424USA	1573449644	15.21	0
48932501USA	1573447161	16.11	0
499118601	3836520206	14.58	0
5003255USA	1573441562	16.62	0
503812204	1943893063	17.13	0
504016804	1943893047	17.13	0
50432573	1629144762	14.84	0
51032623USA	1573441252	16.11	0
51532690USA	0446691275	18.66	0
51732698Hong Kong	1844837076	11.90	0
525017601	1451641966	65.55	0
5253274USA	1573443670	12.50	0
53732921Singapore	1592335748	19.17	0
53932951Singapore	1592333397	13.00	0
541007	0762407506	11.16	0
54833459USA	0399536493	11.90	0
55933626USA	0060539100	16.74	0
56333633Hong Kong	1847328644	15.72	0
57633913China	0740777564	13.31	0
58933936	1623260647	30.22	0
60934854Hong Kong	1844831469	17.25	0
62434943	0811856801	27.96	0
63034955China	1604334509	15.51	0
6363525China	140274238X	11.90	0
65435317USA	141620928X	13.31	0
65735347EU	0762439947	15.60	0
67236232Singapore	0756659906	18.15	0
681256	1402203527	11.64	0
6823634Korea	0939263246	16.11	0
68736352Singapore	1858688655	13.36	0
69436499USA	1402218303	13.43	0
70236573USA	1627780262	16.62	0
70536576USA	1573446521	16.11	0
716371USA	189015900X	13.17	0
72537453USA	0937609587	18.66	0
7273748USA	0897934458	17.13	0
730376USA	0965071669	15.72	0
747390USA	1573442216	17.13	0
75839117Spain	8498675693	20.82	0
75939118	6071100720	58.16	0
7653985USA	1881943224	17.64	0
76839935USA	1569758700	15.72	0
77840452China	1465402098	18.15	0
7864092Singapore	0756605261	10.00	0
79165	0671741020	10.62	0
81641060USA	089793511X	12.66	0
82041070	089793606X	16.23	0
82641077USA	144050637X	12.41	0
83449976USA	1594743061	15.09	0
9717098USA	0446613460	12.29	0
